198 250
198 571
198 584
198 6832
250 571
250 584
250 1891
250 2591
250 2787
250 6832
250 15196
250 15216
250 17246
250 20222
250 20380
250 25090
250 26523
250 27072
250 28025
250 28028
250 29010
250 29859
250 29936
250 31631
250 34080
250 34260
250 37460
250 38144
250 39124
250 39231
250 42504
250 43458
250 43591
250 43902
250 44778
250 48165
250 49258
250 49772
571 584
571 15216
584 15216
1891 28025
1891 28028
1891 29936
1891 39231
1891 42504
1891 43591
2591 15196
2591 20222
2591 34080
2591 37460
2591 43458
2591 49258
2787 20380
2787 31631
2787 34080
2787 37460
2787 48165
6832 15216
6832 34080
15196 17246
17246 20380
17246 26523
17246 31631
17246 34080
17246 43458
17246 49258
20222 43458
20222 48165
20222 49258
20380 26523
20380 31631
20380 37460
20380 49258
25090 28025
26523 31631
26523 37460
26523 39231
26523 43458
26523 49258
27072 49772
28025 34260
28025 39231
28028 29936
28028 34260
28028 42504
28028 43591
29010 39231
29936 39231
29936 42504
29936 43591
31631 37460
31631 39231
31631 43458
31631 48165
31631 49258
34080 43458
34260 42504
34260 43591
37460 43458
37460 48165
37460 49258
39124 39231
39124 49772
39231 43458
39231 43591
42504 43591
43458 48165
43458 49258
48165 49258
